0,569
0,547
0,526
0,243
14,5
192,35
10,74
10,24
10,266
10,272
10,68
10,172
10,222
10,88
11,25
11,24
11,17
11,11
9,4
9,6
9,3
8,5
8,13
8,9
8,18
8,17
8,15
8,14
8,2
8,3
0,561
12,2
12,1
12,3
191,7
191,6
191,5
191,4
191,3
191,2
191,1
191,0
189,7
189,6
20,2
189,5
189,4
189,3
189,2
189,1
189,0
186,6
186,5
19,2
186,4
19,1
186,3
186,2
186,1
19,3
186,0
184,4
184,3
184,2
184,1
184,0
180,7
180,6
180,5
180,4
180,3
180,2
180,1
180,0
178,4
178,3
178,2
178,1
178,0
177,5
177,4
177,3
177,2
177,1
177,0
170,4
170,3
170,2
170,1
170,0
169,5
169,4
169,3
169,2
169,1
169,0
153,3
153,2
153,1
153,0
142,3
142,1
113,3
113,2
113,1
98,3
98,1
20,1
18,1
18,3
14,1
14,4
14,3
13,1
13,3
20,3
11,26
11,23
11,19
11,5
